3
3000
3001
3002
3003
3004
3005
3006
3007
3008
3009
3010
3011
3012
3013
3014
3015
3020
3021
3022
3023
3028
3029
3030
3031
3032
3033
3034
3035
3036
3037
3024
3025
3026
3027
3038
3039
3040
3041
3042
3043
3044
3045
3046
3050
3051
3052
3053
3054
3055
3056
3057
3058
3060
3061
3062
3063
3064
3065
3066
3067
3068
3069
3070
3071
3090
3091
3092
3093
3094
3100
3120
3121
3122
3123
3124
3140
3141
3142
3143
3144
3300
3900
3910
3911
3912
3913
3950
3951
3952
3953
3400
3401
3402
3403
3404
3405
3406
3407
3408
3409
3410
3411
3412
3413
3414
3415
3416
3500
3501
31000
31001
31002
31003
31005
31006
31007
31008
31009
31010
31011
31012
31013
31014
31015
31016
31017
31018
31019
31020
31021
31022
35000
35001
35002
35003
35004
35005
35006
35007
35100
35101
3600
3601
3602
3603
3604
3605
3606
3607
3608
3609
3610
3611
3612
3613
3614
3615
3616
3617
3618
3619
3620
3621
3622
3623
3624
3625
3626
3627
3628
3629
3630
3631
3632
3633
3634
3635
3636
3637
3638
3639
3640
3641
3642
3643
3644
3645
3646
3647
3648
3649
3650
3651
3652
3653
3654
3655
3656
3657
3658
3659
3660
3661
3662
3663
3664
3665
3666
3667
3668
3669
3670
3671
3673
3674
3675
3676
3677
3) Read the background story
3678
3679
3680
3681
3682
3683
3684
3685
3686
3687
3688
3689
3690
3691
3702
3703
3704
3705
3706
3707
3708
3709
3710
3711
3712
3713
3714
3715
3716
3717
3718
3719
3720
3721
3722
3723
3724
3725
3726
3727
3728
3729
3730
3731
3732
3733
3734
3735
3736
3737
3738
3739
3740
3741
3742
3743
3744
3745
3746
3747
3748
3749
3750
3751
3752
3753
3754
3755
3756
3757
3758
3759
3760
3761
3762
3763
3) Enter Description
35105
35106
35107
35108
3145
3146
3147
3148
3149
3150
3151
3152
3153
3154
3155
3156
3157
3158
3159
3160
3161
3162
3163
3164
3165
3901
3902
3903
3904
3905
3906
3907
3908
3909
33000
33001
33002
33003
33004
33005
33006
33007
33008
33009
33010
33011
33012
33013
33014
33015
33016
33017
33018
33019
33020
33021
33022
33023
33024
33025
33026
33027
33028
3017
3018
